0.7517983486376565
0.7509153895802099
0.6381160238825362
0.7168661874110378
0.7476763331870794
0.6380412239557719
0.7342094615878739
0.5766243257209079
0.623474136118199
0.7200569419452832
0.6786401951181008
0.5229673424893156
0.470339593391824
0.6426566952129751
0.6941187752125939
0.5710212652418301
0.6760498717236822
0.6727343219111572
0.6840914621834215
0.5951157736464527
0.7293116578558396
0.758519733226696
0.5517082462509618
0.7412157441059042
0.9027180023911978
0.7572951575250699
0.5766389213703994
0.7510254691418021
0.6466711214782821
0.6925990120494749
0.6298057789786803
0.7545277222730549
0.7561233681667378
0.6586639223784683
0.7360085251942602
0.6853950152075143
0.7794078169638035
0.6650625970429052
0.6428768541891988
0.6703912841503488
0.6340897557752093
0.6920022948387583
0.6402468396061239
0.8822504844139855
0.7398330125250452
0.6448739930260605
0.6386075052741043
0.6760879906871319
0.72189268363423
0.6106603832691933
0.7957384063973139
0.5905712805647685
0.7093895730490944
0.722805684195116
0.6337655176002275
0.5520582606618477
0.6915624740279261
0.5428394656642193
0.708205315113807
0.5198640055909818
0.5256834427099354
0.7811442031913568
0.7164687077592043
0.6336855426706718
0.8133644782095426
0.757452587649077
0.5833353190583742
0.6943945604162294
0.5566452322019756
0.7771496465848984
0.7459341266637174
0.7607764365180234
0.6142332820022643
0.8468778619772342
0.6446623220987954
0.6015319929042647
0.7967890151010042
0.7377631630218693
0.6301979153345103
0.528686002121744
0.6035345883520464
0.7855067146566328
0.548238402671442
0.7328308779556634
0.5095651921404688
0.6375097319641152
0.7193288810976209
0.7866074064638691
0.6897848217947853
0.6774232488043515
0.5918188611478963
1.0000000000000002
0.6669243641823447
0.7595847378539022
0.5897695195921845
0.7768219130765099
0.7908906903216935
0.787277328095563
0.6515830865116493
0.6609832047599401
0.6687911500407504
0.7381720258556548
0.6236645023343625
0.6306132562354145
0.7343486943298192
0.6155249149942775
0.47159459957981475
0.7545583528467548
0.6650465656423139
0.8348992442635382
0.7821170498678017
0.8518473184022162
0.6413576727939077
0.7503088892727143
0.6478587388793817
0.6188000375889535
0.7393401463103411
0.675834465940723
0.6759522277065544
0.7920698961243795
0.6626570873149829
0.6201120207128274
0.6579460226673365
0.6364830158831459
0.6427517511818628
0.7215039295704646
0.7090443072106676
0.6571567283063136
0.9999999999999999
0.7967465448643545
0.5566452322019756
0.6420989151159391
0.5754550558825071
0.7086360261992634
0.751442893359017
0.7855067146566328
0.7797365471154655
0.7402763598753235
0.6386075052741043
0.6106603832691933
0.655710857987668
0.6204410040720024
0.8020211850768474
0.750314669437634
0.6961077764088826
0.6909657346861129
0.6375097319641152
0.6301381220452644
0.683392689593835
0.7071004559947133
0.7287194576594744
0.6906693176846621
0.6510303672633694
0.6861062681324175
0.7328599305595995
0.7253463943859906
